0.000000 0.000000 0.000000 70.710678 70.710678
0.010000 0.707107 0.706616 70.710678 70.612578
0.020000 1.414214 1.412252 70.710678 70.514478
0.030000 2.121320 2.116906 70.710678 70.416378
0.040000 2.828427 2.820579 70.710678 70.318278
0.050000 3.535534 3.523271 70.710678 70.220178
0.060000 4.242641 4.224983 70.710678 70.122078
0.070000 4.949747 4.925713 70.710678 70.023978
0.080000 5.656854 5.625462 70.710678 69.925878
0.090000 6.363961 6.324231 70.710678 69.827778
0.100000 7.071068 7.022018 70.710678 69.729678
0.110000 7.778175 7.718824 70.710678 69.631578
0.120000 8.485281 8.414649 70.710678 69.533478
0.130000 9.192388 9.109494 70.710678 69.435378
0.140000 9.899495 9.803357 70.710678 69.337278
0.150000 10.606602 10.496239 70.710678 69.239178
0.160000 11.313709 11.188140 70.710678 69.141078
0.170000 12.020815 11.879061 70.710678 69.042978
0.180000 12.727922 12.569000 70.710678 68.944878
0.190000 13.435029 13.257958 70.710678 68.846778
0.200000 14.142136 13.945936 70.710678 68.748678
0.210000 14.849242 14.632932 70.710678 68.650578
0.220000 15.556349 15.318947 70.710678 68.552478
0.230000 16.263456 16.003981 70.710678 68.454378
0.240000 16.970563 16.688035 70.710678 68.356278
0.250000 17.677670 17.371107 70.710678 68.258178
0.260000 18.384776 18.053198 70.710678 68.160078
0.270000 19.091883 18.734309 70.710678 68.061978
0.280000 19.798990 19.414438 70.710678 67.963878
0.290000 20.506097 20.093586 70.710678 67.865778
0.300000 21.213203 20.771753 70.710678 67.767678
0.310000 21.920310 21.448940 70.710678 67.669578
0.320000 22.627417 22.125145 70.710678 67.571478
0.330000 23.334524 22.800369 70.710678 67.473378
0.340000 24.041631 23.474613 70.710678 67.375278
0.350000 24.748737 24.147875 70.710678 67.277178
0.360000 25.455844 24.820156 70.710678 67.179078
0.370000 26.162951 25.491456 70.710678 67.080978
0.380000 26.870058 26.161776 70.710678 66.982878
0.390000 27.577164 26.831114 70.710678 66.884778
0.400000 28.284271 27.499471 70.710678 66.786678
0.410000 28.991378 28.166848 70.710678 66.688578
0.420000 29.698485 28.833243 70.710678 66.590478
0.430000 30.405592 29.498657 70.710678 66.492378
0.440000 31.112698 30.163090 70.710678 66.394278
0.450000 31.819805 30.826543 70.710678 66.296178
0.460000 32.526912 31.489014 70.710678 66.198078
0.470000 33.234019 32.150504 70.710678 66.099978
0.480000 33.941126 32.811013 70.710678 66.001878
0.490000 34.648232 33.470542 70.710678 65.903778
0.500000 35.355339 34.129089 70.710678 65.805678
0.510000 36.062446 34.786655 70.710678 65.707578
0.520000 36.769553 35.443241 70.710678 65.609478
0.530000 37.476659 36.098845 70.710678 65.511378
0.540000 38.183766 36.753468 70.710678 65.413278
0.550000 38.890873 37.407110 70.710678 65.315178
0.560000 39.597980 38.059772 70.710678 65.217078
0.570000 40.305087 38.711452 70.710678 65.118978
0.580000 41.012193 39.362151 70.710678 65.020878
0.590000 41.719300 40.011870 70.710678 64.922778
0.600000 42.426407 40.660607 70.710678 64.824678
0.610000 43.133514 41.308363 70.710678 64.726578
0.620000 43.840620 41.955138 70.710678 64.628478
0.630000 44.547727 42.600933 70.710678 64.530378
0.640000 45.254834 43.245746 70.710678 64.432278
0.650000 45.961941 43.889578 70.710678 64.334178
0.660000 46.669048 44.532430 70.710678 64.236078
0.670000 47.376154 45.174300 70.710678 64.137978
0.680000 48.083261 45.815189 70.710678 64.039878
0.690000 48.790368 46.455097 70.710678 63.941778
0.700000 49.497475 47.094025 70.710678 63.843678
0.710000 50.204582 47.731971 70.710678 63.745578
0.720000 50.911688 48.368936 70.710678 63.647478
0.730000 51.618795 49.004920 70.710678 63.549378
0.740000 52.325902 49.639924 70.710678 63.451278
0.750000 53.033009 50.273946 70.710678 63.353178
0.760000 53.740115 50.906987 70.710678 63.255078
0.770000 54.447222 51.539048 70.710678 63.156978
0.780000 55.154329 52.170127 70.710678 63.058878
0.790000 55.861436 52.800225 70.710678 62.960778
0.800000 56.568543 53.429342 70.710678 62.862678
0.810000 57.275649 54.057479 70.710678 62.764578
0.820000 57.982756 54.684634 70.710678 62.666478
0.830000 58.689863 55.310808 70.710678 62.568378
0.840000 59.396970 55.936002 70.710678 62.470278
0.850000 60.104076 56.560214 70.710678 62.372178
0.860000 60.811183 57.183445 70.710678 62.274078
0.870000 61.518290 57.805695 70.710678 62.175978
0.880000 62.225397 58.426965 70.710678 62.077878
0.890000 62.932504 59.047253 70.710678 61.979778
0.900000 63.639610 59.666560 70.710678 61.881678
0.910000 64.346717 60.284887 70.710678 61.783578
0.920000 65.053824 60.902232 70.710678 61.685478
0.930000 65.760931 61.518596 70.710678 61.587378
0.940000 66.468037 62.133979 70.710678 61.489278
0.950000 67.175144 62.748382 70.710678 61.391178
0.960000 67.882251 63.361803 70.710678 61.293078
0.970000 68.589358 63.974243 70.710678 61.194978
0.980000 69.296465 64.585702 70.710678 61.096878
0.990000 70.003571 65.196181 70.710678 60.998778
1.000000 70.710678 65.805678 70.710678 60.900678
1.010000 71.417785 66.414194 70.710678 60.802578
1.020000 72.124892 67.021730 70.710678 60.704478
1.030000 72.831999 67.628284 70.710678 60.606378
1.040000 73.539105 68.233857 70.710678 60.508278
1.050000 74.246212 68.838449 70.710678 60.410178
1.060000 74.953319 69.442061 70.710678 60.312078
1.070000 75.660426 70.044691 70.710678 60.213978
1.080000 76.367532 70.646340 70.710678 60.115878
1.090000 77.074639 71.247009 70.710678 60.017778
1.100000 77.781746 71.846696 70.710678 59.919678
1.110000 78.488853 72.445402 70.710678 59.821578
1.120000 79.195960 73.043127 70.710678 59.723478
1.130000 79.903066 73.639872 70.710678 59.625378
1.140000 80.610173 74.235635 70.710678 59.527278
1.150000 81.317280 74.830417 70.710678 59.429178
1.160000 82.024387 75.424219 70.710678 59.331078
1.170000 82.731493 76.017039 70.710678 59.232978
1.180000 83.438600 76.608878 70.710678 59.134878
1.190000 84.145707 77.199736 70.710678 59.036778
1.200000 84.852814 77.789614 70.710678 58.938678
1.210000 85.559921 78.378510 70.710678 58.840578
1.220000 86.267027 78.966425 70.710678 58.742478
1.230000 86.974134 79.553360 70.710678 58.644378
1.240000 87.681241 80.139313 70.710678 58.546278
1.250000 88.388348 80.724285 70.710678 58.448178
1.260000 89.095455 81.308276 70.710678 58.350078
1.270000 89.802561 81.891287 70.710678 58.251978
1.280000 90.509668 82.473316 70.710678 58.153878
1.290000 91.216775 83.054364 70.710678 58.055778
1.300000 91.923882 83.634431 70.710678 57.957678
1.310000 92.630988 84.213518 70.710678 57.859578
1.320000 93.338095 84.791623 70.710678 57.761478
1.330000 94.045202 85.368747 70.710678 57.663378
1.340000 94.752309 85.944891 70.710678 57.565278
1.350000 95.459416 86.520053 70.710678 57.467178
1.360000 96.166522 87.094234 70.710678 57.369078
1.370000 96.873629 87.667434 70.710678 57.270978
1.380000 97.580736 88.239654 70.710678 57.172878
1.390000 98.287843 88.810892 70.710678 57.074778
1.400000 98.994949 89.381149 70.710678 56.976678
1.410000 99.702056 89.950426 70.710678 56.878578
1.420000 100.409163 90.518721 70.710678 56.780478
1.430000 101.116270 91.086035 70.710678 56.682378
1.440000 101.823377 91.652368 70.710678 56.584278
1.450000 102.530483 92.217721 70.710678 56.486178
1.460000 103.237590 92.782092 70.710678 56.388078
1.470000 103.944697 93.345482 70.710678 56.289978
1.480000 104.651804 93.907892 70.710678 56.191878
1.490000 105.358910 94.469320 70.710678 56.093778
1.500000 106.066017 95.029767 70.710678 55.995678
1.510000 106.773124 95.589233 70.710678 55.897578
1.520000 107.480231 96.147719 70.710678 55.799478
1.530000 108.187338 96.705223 70.710678 55.701378
1.540000 108.894444 97.261746 70.710678 55.603278
1.550000 109.601551 97.817288 70.710678 55.505178
1.560000 110.308658 98.371850 70.710678 55.407078
1.570000 111.015765 98.925430 70.710678 55.308978
1.580000 111.722872 99.478029 70.710678 55.210878
1.590000 112.429978 100.029648 70.710678 55.112778
1.600000 113.137085 100.580285 70.710678 55.014678
1.610000 113.844192 101.129941 70.710678 54.916578
1.620000 114.551299 101.678616 70.710678 54.818478
1.630000 115.258405 102.226311 70.710678 54.720378
1.640000 115.965512 102.773024 70.710678 54.622278
1.650000 116.672619 103.318756 70.710678 54.524178
1.660000 117.379726 103.863508 70.710678 54.426078
1.670000 118.086833 104.407278 70.710678 54.327978
1.680000 118.793939 104.950067 70.710678 54.229878
1.690000 119.501046 105.491875 70.710678 54.131778
1.700000 120.208153 106.032703 70.710678 54.033678
1.710000 120.915260 106.572549 70.710678 53.935578
1.720000 121.622366 107.111414 70.710678 53.837478
1.730000 122.329473 107.649299 70.710678 53.739378
1.740000 123.036580 108.186202 70.710678 53.641278
1.750000 123.743687 108.722124 70.710678 53.543178
1.760000 124.450794 109.257065 70.710678 53.445078
1.770000 125.157900 109.791026 70.710678 53.346978
1.780000 125.865007 110.324005 70.710678 53.248878
1.790000 126.572114 110.856003 70.710678 53.150778
1.800000 127.279221 111.387020 70.710678 53.052678
1.810000 127.986328 111.917057 70.710678 52.954578
1.820000 128.693434 112.446112 70.710678 52.856478
1.830000 129.400541 112.974186 70.710678 52.758378
1.840000 130.107648 113.501280 70.710678 52.660278
1.850000 130.814755 114.027392 70.710678 52.562178
1.860000 131.521861 114.552523 70.710678 52.464078
1.870000 132.228968 115.076673 70.710678 52.365978
1.880000 132.936075 115.599843 70.710678 52.267878
1.890000 133.643182 116.122031 70.710678 52.169778
1.900000 134.350289 116.643238 70.710678 52.071678
1.910000 135.057395 117.163465 70.710678 51.973578
1.920000 135.764502 117.682710 70.710678 51.875478
1.930000 136.471609 118.200974 70.710678 51.777378
1.940000 137.178716 118.718257 70.710678 51.679278
1.950000 137.885822 119.234560 70.710678 51.581178
1.960000 138.592929 119.749881 70.710678 51.483078
1.970000 139.300036 120.264221 70.710678 51.384978
1.980000 140.007143 120.777581 70.710678 51.286878
1.990000 140.714250 121.289959 70.710678 51.188778
2.000000 141.421356 121.801356 70.710678 51.090678
2.010000 142.128463 122.311772 70.710678 50.992578
2.020000 142.835570 122.821208 70.710678 50.894478
2.030000 143.542677 123.329662 70.710678 50.796378
2.040000 144.249783 123.837135 70.710678 50.698278
2.050000 144.956890 124.343628 70.710678 50.600178
2.060000 145.663997 124.849139 70.710678 50.502078
2.070000 146.371104 125.353669 70.710678 50.403978
2.080000 147.078211 125.857218 70.710678 50.305878
2.090000 147.785317 126.359787 70.710678 50.207778
2.100000 148.492424 126.861374 70.710678 50.109678
2.110000 149.199531 127.361980 70.710678 50.011578
2.120000 149.906638 127.861605 70.710678 49.913478
2.130000 150.613745 128.360250 70.710678 49.815378
2.140000 151.320851 128.857913 70.710678 49.717278
2.150000 152.027958 129.354595 70.710678 49.619178
2.160000 152.735065 129.850297 70.710678 49.521078
2.170000 153.442172 130.345017 70.710678 49.422978
2.180000 154.149278 130.838756 70.710678 49.324878
2.190000 154.856385 131.331514 70.710678 49.226778
2.200000 155.563492 131.823292 70.710678 49.128678
2.210000 156.270599 132.314088 70.710678 49.030578
2.220000 156.977706 132.803903 70.710678 48.932478
2.230000 157.684812 133.292738 70.710678 48.834378
2.240000 158.391919 133.780591 70.710678 48.736278
2.250000 159.099026 134.267463 70.710678 48.638178
2.260000 159.806133 134.753354 70.710678 48.540078
2.270000 160.513239 135.238265 70.710678 48.441978
2.280000 161.220346 135.722194 70.710678 48.343878
2.290000 161.927453 136.205142 70.710678 48.245778
2.300000 162.634560 136.687110 70.710678 48.147678
2.310000 163.341667 137.168096 70.710678 48.049578
2.320000 164.048773 137.648101 70.710678 47.951478
2.330000 164.755880 138.127125 70.710678 47.853378
2.340000 165.462987 138.605169 70.710678 47.755278
2.350000 166.170094 139.082231 70.710678 47.657178
2.360000 166.877201 139.558312 70.710678 47.559078
2.370000 167.584307 140.033412 70.710678 47.460978
2.380000 168.291414 140.507532 70.710678 47.362878
2.390000 168.998521 140.980670 70.710678 47.264778
2.400000 169.705628 141.452827 70.710678 47.166678
2.410000 170.412734 141.924004 70.710678 47.068578
2.420000 171.119841 142.394199 70.710678 46.970478
2.430000 171.826948 142.863413 70.710678 46.872378
2.440000 172.534055 143.331646 70.710678 46.774278
2.450000 173.241162 143.798899 70.710678 46.676178
2.460000 173.948268 144.265170 70.710678 46.578078
2.470000 174.655375 144.730460 70.710678 46.479978
2.480000 175.362482 145.194770 70.710678 46.381878
2.490000 176.069589 145.658098 70.710678 46.283778
2.500000 176.776695 146.120445 70.710678 46.185678
2.510000 177.483802 146.581811 70.710678 46.087578
2.520000 178.190909 147.042197 70.710678 45.989478
2.530000 178.898016 147.501601 70.710678 45.891378
2.540000 179.605123 147.960024 70.710678 45.793278
2.550000 180.312229 148.417467 70.710678 45.695178
2.560000 181.019336 148.873928 70.710678 45.597078
2.570000 181.726443 149.329408 70.710678 45.498978
2.580000 182.433550 149.783907 70.710678 45.400878
2.590000 183.140656 150.237426 70.710678 45.302778
2.600000 183.847763 150.689963 70.710678 45.204678
2.610000 184.554870 151.141519 70.710678 45.106578
2.620000 185.261977 151.592095 70.710678 45.008478
2.630000 185.969084 152.041689 70.710678 44.910378
2.640000 186.676190 152.490302 70.710678 44.812278
2.650000 187.383297 152.937934 70.710678 44.714178
2.660000 188.090404 153.384586 70.710678 44.616078
2.670000 188.797511 153.830256 70.710678 44.517978
2.680000 189.504618 154.274945 70.710678 44.419878
2.690000 190.211724 154.718653 70.710678 44.321778
2.700000 190.918831 155.161381 70.710678 44.223678
2.710000 191.625938 155.603127 70.710678 44.125578
2.720000 192.333045 156.043892 70.710678 44.027478
2.730000 193.040151 156.483677 70.710678 43.929378
2.740000 193.747258 156.922480 70.710678 43.831278
2.750000 194.454365 157.360302 70.710678 43.733178
2.760000 195.161472 157.797143 70.710678 43.635078
2.770000 195.868579 158.233004 70.710678 43.536978
2.780000 196.575685 158.667883 70.710678 43.438878
2.790000 197.282792 159.101781 70.710678 43.340778
2.800000 197.989899 159.534699 70.710678 43.242678
2.810000 198.697006 159.966635 70.710678 43.144578
2.820000 199.404112 160.397590 70.710678 43.046478
2.830000 200.111219 160.827564 70.710678 42.948378
2.840000 200.818326 161.256558 70.710678 42.850278
2.850000 201.525433 161.684570 70.710678 42.752178
2.860000 202.232540 162.111601 70.710678 42.654078
2.870000 202.939646 162.537652 70.710678 42.555978
2.880000 203.646753 162.962721 70.710678 42.457878
2.890000 204.353860 163.386809 70.710678 42.359778
2.900000 205.060967 163.809916 70.710678 42.261678
2.910000 205.768074 164.232043 70.710678 42.163578
2.920000 206.475180 164.653188 70.710678 42.065478
2.930000 207.182287 165.073352 70.710678 41.967378
2.940000 207.889394 165.492535 70.710678 41.869278
2.950000 208.596501 165.910738 70.710678 41.771178
2.960000 209.303607 166.327959 70.710678 41.673078
2.970000 210.010714 166.744199 70.710678 41.574978
2.980000 210.717821 167.159459 70.710678 41.476878
2.990000 211.424928 167.573737 70.710678 41.378778
3.000000 212.132035 167.987034 70.710678 41.280678
3.010000 212.839141 168.399350 70.710678 41.182578
3.020000 213.546248 168.810686 70.710678 41.084478
3.030000 214.253355 169.221040 70.710678 40.986378
3.040000 214.960462 169.630413 70.710678 40.888278
3.050000 215.667568 170.038806 70.710678 40.790178
3.060000 216.374675 170.446217 70.710678 40.692078
3.070000 217.081782 170.852647 70.710678 40.593978
3.080000 217.788889 171.258096 70.710678 40.495878
3.090000 218.495996 171.662565 70.710678 40.397778
3.100000 219.203102 172.066052 70.710678 40.299678
3.110000 219.910209 172.468558 70.710678 40.201578
3.120000 220.617316 172.870084 70.710678 40.103478
3.130000 221.324423 173.270628 70.710678 40.005378
3.140000 222.031529 173.670191 70.710678 39.907278
3.150000 222.738636 174.068773 70.710678 39.809178
3.160000 223.445743 174.466375 70.710678 39.711078
3.170000 224.152850 174.862995 70.710678 39.612978
3.180000 224.859957 175.258634 70.710678 39.514878
3.190000 225.567063 175.653292 70.710678 39.416778
3.200000 226.274170 176.046970 70.710678 39.318678
3.210000 226.981277 176.439666 70.710678 39.220578
3.220000 227.688384 176.831381 70.710678 39.122478
3.230000 228.395491 177.222116 70.710678 39.024378
3.240000 229.102597 177.611869 70.710678 38.926278
3.250000 229.809704 178.000641 70.710678 38.828178
3.260000 230.516811 178.388432 70.710678 38.730078
3.270000 231.223918 178.775243 70.710678 38.631978
3.280000 231.931024 179.161072 70.710678 38.533878
3.290000 232.638131 179.545920 70.710678 38.435778
3.300000 233.345238 179.929788 70.710678 38.337678
3.310000 234.052345 180.312674 70.710678 38.239578
3.320000 234.759452 180.694579 70.710678 38.141478
3.330000 235.466558 181.075503 70.710678 38.043378
3.340000 236.173665 181.455447 70.710678 37.945278
3.350000 236.880772 181.834409 70.710678 37.847178
3.360000 237.587879 182.212390 70.710678 37.749078
3.370000 238.294985 182.589391 70.710678 37.650978
3.380000 239.002092 182.965410 70.710678 37.552878
3.390000 239.709199 183.340448 70.710678 37.454778
3.400000 240.416306 183.714505 70.710678 37.356678
3.410000 241.123413 184.087582 70.710678 37.258578
3.420000 241.830519 184.459677 70.710678 37.160478
3.430000 242.537626 184.830791 70.710678 37.062378
3.440000 243.244733 185.200925 70.710678 36.964278
3.450000 243.951840 185.570077 70.710678 36.866178
3.460000 244.658947 185.938248 70.710678 36.768078
3.470000 245.366053 186.305438 70.710678 36.669978
3.480000 246.073160 186.671648 70.710678 36.571878
3.490000 246.780267 187.036876 70.710678 36.473778
3.500000 247.487374 187.401123 70.710678 36.375678
3.510000 248.194480 187.764389 70.710678 36.277578
3.520000 248.901587 188.126675 70.710678 36.179478
3.530000 249.608694 188.487979 70.710678 36.081378
3.540000 250.315801 188.848302 70.710678 35.983278
3.550000 251.022908 189.207645 70.710678 35.885178
3.560000 251.730014 189.566006 70.710678 35.787078
3.570000 252.437121 189.923386 70.710678 35.688978
3.580000 253.144228 190.279785 70.710678 35.590878
3.590000 253.851335 190.635204 70.710678 35.492778
3.600000 254.558441 190.989641 70.710678 35.394678
3.610000 255.265548 191.343097 70.710678 35.296578
3.620000 255.972655 191.695573 70.710678 35.198478
3.630000 256.679762 192.047067 70.710678 35.100378
3.640000 257.386869 192.397580 70.710678 35.002278
3.650000 258.093975 192.747112 70.710678 34.904178
3.660000 258.801082 193.095664 70.710678 34.806078
3.670000 259.508189 193.443234 70.710678 34.707978
3.680000 260.215296 193.789823 70.710678 34.609878
3.690000 260.922402 194.135432 70.710678 34.511778
3.700000 261.629509 194.480059 70.710678 34.413678
3.710000 262.336616 194.823705 70.710678 34.315578
3.720000 263.043723 195.166370 70.710678 34.217478
3.730000 263.750830 195.508055 70.710678 34.119378
3.740000 264.457936 195.848758 70.710678 34.021278
3.750000 265.165043 196.188480 70.710678 33.923178
3.760000 265.872150 196.527221 70.710678 33.825078
3.770000 266.579257 196.864982 70.710678 33.726978
3.780000 267.286364 197.201761 70.710678 33.628878
3.790000 267.993470 197.537559 70.710678 33.530778
3.800000 268.700577 197.872377 70.710678 33.432678
3.810000 269.407684 198.206213 70.710678 33.334578
3.820000 270.114791 198.539068 70.710678 33.236478
3.830000 270.821897 198.870942 70.710678 33.138378
3.840000 271.529004 199.201836 70.710678 33.040278
3.850000 272.236111 199.531748 70.710678 32.942178
3.860000 272.943218 199.860679 70.710678 32.844078
3.870000 273.650325 200.188630 70.710678 32.745978
3.880000 274.357431 200.515599 70.710678 32.647878
3.890000 275.064538 200.841587 70.710678 32.549778
3.900000 275.771645 201.166594 70.710678 32.451678
3.910000 276.478752 201.490621 70.710678 32.353578
3.920000 277.185858 201.813666 70.710678 32.255478
3.930000 277.892965 202.135730 70.710678 32.157378
3.940000 278.600072 202.456814 70.710678 32.059278
3.950000 279.307179 202.776916 70.710678 31.961178
3.960000 280.014286 203.096037 70.710678 31.863078
3.970000 280.721392 203.414177 70.710678 31.764978
3.980000 281.428499 203.731337 70.710678 31.666878
3.990000 282.135606 204.047515 70.710678 31.568778
4.000000 282.842713 204.362712 70.710678 31.470678
4.010000 283.549820 204.676929 70.710678 31.372578
4.020000 284.256926 204.990164 70.710678 31.274478
4.030000 284.964033 205.302418 70.710678 31.176378
4.040000 285.671140 205.613691 70.710678 31.078278
4.050000 286.378247 205.923984 70.710678 30.980178
4.060000 287.085353 206.233295 70.710678 30.882078
4.070000 287.792460 206.541625 70.710678 30.783978
4.080000 288.499567 206.848974 70.710678 30.685878
4.090000 289.206674 207.155343 70.710678 30.587778
4.100000 289.913781 207.460730 70.710678 30.489678
4.110000 290.620887 207.765136 70.710678 30.391578
4.120000 291.327994 208.068562 70.710678 30.293478
4.130000 292.035101 208.371006 70.710678 30.195378
4.140000 292.742208 208.672469 70.710678 30.097278
4.150000 293.449314 208.972951 70.710678 29.999178
4.160000 294.156421 209.272453 70.710678 29.901078
4.170000 294.863528 209.570973 70.710678 29.802978
4.180000 295.570635 209.868512 70.710678 29.704878
4.190000 296.277742 210.165071 70.710678 29.606778
4.200000 296.984848 210.460648 70.710678 29.508678
4.210000 297.691955 210.755244 70.710678 29.410578
4.220000 298.399062 211.048859 70.710678 29.312478
4.230000 299.106169 211.341494 70.710678 29.214378
4.240000 299.813275 211.633147 70.710678 29.116278
4.250000 300.520382 211.923819 70.710678 29.018178
4.260000 301.227489 212.213511 70.710678 28.920078
4.270000 301.934596 212.502221 70.710678 28.821978
4.280000 302.641703 212.789950 70.710678 28.723878
4.290000 303.348809 213.076698 70.710678 28.625778
4.300000 304.055916 213.362466 70.710678 28.527678
4.310000 304.763023 213.647252 70.710678 28.429578
4.320000 305.470130 213.931057 70.710678 28.331478
4.330000 306.177237 214.213881 70.710678 28.233378
4.340000 306.884343 214.495725 70.710678 28.135278
4.350000 307.591450 214.776587 70.710678 28.037178
4.360000 308.298557 215.056468 70.710678 27.939078
4.370000 309.005664 215.335369 70.710678 27.840978
4.380000 309.712770 215.613288 70.710678 27.742878
4.390000 310.419877 215.890226 70.710678 27.644778
4.400000 311.126984 216.166183 70.710678 27.546678
4.410000 311.834091 216.441160 70.710678 27.448578
4.420000 312.541198 216.715155 70.710678 27.350478
4.430000 313.248304 216.988169 70.710678 27.252378
4.440000 313.955411 217.260203 70.710678 27.154278
4.450000 314.662518 217.531255 70.710678 27.056178
4.460000 315.369625 217.801326 70.710678 26.958078
4.470000 316.076731 218.070416 70.710678 26.859978
4.480000 316.783838 218.338526 70.710678 26.761878
4.490000 317.490945 218.605654 70.710678 26.663778
4.500000 318.198052 218.871801 70.710678 26.565678
4.510000 318.905159 219.136968 70.710678 26.467578
4.520000 319.612265 219.401153 70.710678 26.369478
4.530000 320.319372 219.664357 70.710678 26.271378
4.540000 321.026479 219.926580 70.710678 26.173278
4.550000 321.733586 220.187823 70.710678 26.075178
4.560000 322.440693 220.448084 70.710678 25.977078
4.570000 323.147799 220.707364 70.710678 25.878978
4.580000 323.854906 220.965663 70.710678 25.780878
4.590000 324.562013 221.222982 70.710678 25.682778
4.600000 325.269120 221.479319 70.710678 25.584678
4.610000 325.976226 221.734675 70.710678 25.486578
4.620000 326.683333 221.989051 70.710678 25.388478
4.630000 327.390440 222.242445 70.710678 25.290378
4.640000 328.097547 222.494858 70.710678 25.192278
4.650000 328.804654 222.746290 70.710678 25.094178
4.660000 329.511760 222.996742 70.710678 24.996078
4.670000 330.218867 223.246212 70.710678 24.897978
4.680000 330.925974 223.494701 70.710678 24.799878
4.690000 331.633081 223.742210 70.710678 24.701778
4.700000 332.340187 223.988737 70.710678 24.603678
4.710000 333.047294 224.234283 70.710678 24.505578
4.720000 333.754401 224.478848 70.710678 24.407478
4.730000 334.461508 224.722433 70.710678 24.309378
4.740000 335.168615 224.965036 70.710678 24.211278
4.750000 335.875721 225.206658 70.710678 24.113178
4.760000 336.582828 225.447300 70.710678 24.015078
4.770000 337.289935 225.686960 70.710678 23.916978
4.780000 337.997042 225.925639 70.710678 23.818878
4.790000 338.704148 226.163337 70.710678 23.720778
4.800000 339.411255 226.400055 70.710678 23.622678
4.810000 340.118362 226.635791 70.710678 23.524578
4.820000 340.825469 226.870546 70.710678 23.426478
4.830000 341.532576 227.104321 70.710678 23.328378
4.840000 342.239682 227.337114 70.710678 23.230278
4.850000 342.946789 227.568926 70.710678 23.132178
4.860000 343.653896 227.799757 70.710678 23.034078
4.870000 344.361003 228.029608 70.710678 22.935978
4.880000 345.068110 228.258477 70.710678 22.837878
4.890000 345.775216 228.486365 70.710678 22.739778
4.900000 346.482323 228.713272 70.710678 22.641678
4.910000 347.189430 228.939199 70.710678 22.543578
4.920000 347.896537 229.164144 70.710678 22.445478
4.930000 348.603643 229.388108 70.710678 22.347378
4.940000 349.310750 229.611092 70.710678 22.249278
4.950000 350.017857 229.833094 70.710678 22.151178
4.960000 350.724964 230.054115 70.710678 22.053078
4.970000 351.432071 230.274155 70.710678 21.954978
4.980000 352.139177 230.493215 70.710678 21.856878
4.990000 352.846284 230.711293 70.710678 21.758778
5.000000 353.553391 230.928390 70.710678 21.660678
5.010000 354.260498 231.144507 70.710678 21.562578
5.020000 354.967604 231.359642 70.710678 21.464478
5.030000 355.674711 231.573796 70.710678 21.366378
5.040000 356.381818 231.786969 70.710678 21.268278
5.050000 357.088925 231.999162 70.710678 21.170178
5.060000 357.796032 232.210373 70.710678 21.072078
5.070000 358.503138 232.420603 70.710678 20.973978
5.080000 359.210245 232.629853 70.710678 20.875878
5.090000 359.917352 232.838121 70.710678 20.777778
5.100000 360.624459 233.045408 70.710678 20.679678
5.110000 361.331566 233.251714 70.710678 20.581578
5.120000 362.038672 233.457040 70.710678 20.483478
5.130000 362.745779 233.661384 70.710678 20.385378
5.140000 363.452886 233.864747 70.710678 20.287278
5.150000 364.159993 234.067129 70.710678 20.189178
5.160000 364.867099 234.268531 70.710678 20.091078
5.170000 365.574206 234.468951 70.710678 19.992978
5.180000 366.281313 234.668390 70.710678 19.894878
5.190000 366.988420 234.866849 70.710678 19.796778
5.200000 367.695527 235.064326 70.710678 19.698678
5.210000 368.402633 235.260822 70.710678 19.600578
5.220000 369.109740 235.456337 70.710678 19.502478
5.230000 369.816847 235.650872 70.710678 19.404378
5.240000 370.523954 235.844425 70.710678 19.306278
5.250000 371.231060 236.036997 70.710678 19.208178
5.260000 371.938167 236.228589 70.710678 19.110078
5.270000 372.645274 236.419199 70.710678 19.011978
5.280000 373.352381 236.608828 70.710678 18.913878
5.290000 374.059488 236.797476 70.710678 18.815778
5.300000 374.766594 236.985144 70.710678 18.717678
5.310000 375.473701 237.171830 70.710678 18.619578
5.320000 376.180808 237.357535 70.710678 18.521478
5.330000 376.887915 237.542260 70.710678 18.423378
5.340000 377.595021 237.726003 70.710678 18.325278
5.350000 378.302128 237.908765 70.710678 18.227178
5.360000 379.009235 238.090546 70.710678 18.129078
5.370000 379.716342 238.271347 70.710678 18.030978
5.380000 380.423449 238.451166 70.710678 17.932878
5.390000 381.130555 238.630004 70.710678 17.834778
5.400000 381.837662 238.807861 70.710678 17.736678
5.410000 382.544769 238.984738 70.710678 17.638578
5.420000 383.251876 239.160633 70.710678 17.540478
5.430000 383.958983 239.335547 70.710678 17.442378
5.440000 384.666089 239.509481 70.710678 17.344278
5.450000 385.373196 239.682433 70.710678 17.246178
5.460000 386.080303 239.854404 70.710678 17.148078
5.470000 386.787410 240.025394 70.710678 17.049978
5.480000 387.494516 240.195404 70.710678 16.951878
5.490000 388.201623 240.364432 70.710678 16.853778
5.500000 388.908730 240.532479 70.710678 16.755678
5.510000 389.615837 240.699546 70.710678 16.657578
5.520000 390.322944 240.865631 70.710678 16.559478
5.530000 391.030050 241.030735 70.710678 16.461378
5.540000 391.737157 241.194858 70.710678 16.363278
5.550000 392.444264 241.358001 70.710678 16.265178
5.560000 393.151371 241.520162 70.710678 16.167078
5.570000 393.858477 241.681342 70.710678 16.068978
5.580000 394.565584 241.841542 70.710678 15.970878
5.590000 395.272691 242.000760 70.710678 15.872778
5.600000 395.979798 242.158997 70.710678 15.774678
5.610000 396.686905 242.316253 70.710678 15.676578
5.620000 397.394011 242.472529 70.710678 15.578478
5.630000 398.101118 242.627823 70.710678 15.480378
5.640000 398.808225 242.782136 70.710678 15.382278
5.650000 399.515332 242.935469 70.710678 15.284178
5.660000 400.222439 243.087820 70.710678 15.186078
5.670000 400.929545 243.239190 70.710678 15.087978
5.680000 401.636652 243.389579 70.710678 14.989878
5.690000 402.343759 243.538988 70.710678 14.891778
5.700000 403.050866 243.687415 70.710678 14.793678
5.710000 403.757972 243.834861 70.710678 14.695578
5.720000 404.465079 243.981326 70.710678 14.597478
5.730000 405.172186 244.126811 70.710678 14.499378
5.740000 405.879293 244.271314 70.710678 14.401278
5.750000 406.586400 244.414836 70.710678 14.303178
5.760000 407.293506 244.557378 70.710678 14.205078
5.770000 408.000613 244.698938 70.710678 14.106978
5.780000 408.707720 244.839517 70.710678 14.008878
5.790000 409.414827 244.979115 70.710678 13.910778
5.800000 410.121933 245.117733 70.710678 13.812678
5.810000 410.829040 245.255369 70.710678 13.714578
5.820000 411.536147 245.392024 70.710678 13.616478
5.830000 412.243254 245.527699 70.710678 13.518378
5.840000 412.950361 245.662392 70.710678 13.420278
5.850000 413.657467 245.796104 70.710678 13.322178
5.860000 414.364574 245.928835 70.710678 13.224078
5.870000 415.071681 246.060586 70.710678 13.125978
5.880000 415.778788 246.191355 70.710678 13.027878
5.890000 416.485894 246.321143 70.710678 12.929778
5.900000 417.193001 246.449951 70.710678 12.831678
5.910000 417.900108 246.577777 70.710678 12.733578
5.920000 418.607215 246.704622 70.710678 12.635478
5.930000 419.314322 246.830486 70.710678 12.537378
5.940000 420.021428 246.955370 70.710678 12.439278
5.950000 420.728535 247.079272 70.710678 12.341178
5.960000 421.435642 247.202193 70.710678 12.243078
5.970000 422.142749 247.324133 70.710678 12.144978
5.980000 422.849856 247.445093 70.710678 12.046878
5.990000 423.556962 247.565071 70.710678 11.948778
6.000000 424.264069 247.684068 70.710678 11.850678
6.010000 424.971176 247.802085 70.710678 11.752578
6.020000 425.678283 247.919120 70.710678 11.654478
6.030000 426.385389 248.035174 70.710678 11.556378
6.040000 427.092496 248.150247 70.710678 11.458278
6.050000 427.799603 248.264340 70.710678 11.360178
6.060000 428.506710 248.377451 70.710678 11.262078
6.070000 429.213817 248.489581 70.710678 11.163978
6.080000 429.920923 248.600731 70.710678 11.065878
6.090000 430.628030 248.710899 70.710678 10.967778
6.100000 431.335137 248.820086 70.710678 10.869678
6.110000 432.042244 248.928292 70.710678 10.771578
6.120000 432.749350 249.035518 70.710678 10.673478
6.130000 433.456457 249.141762 70.710678 10.575378
6.140000 434.163564 249.247025 70.710678 10.477278
6.150000 434.870671 249.351308 70.710678 10.379178
6.160000 435.577778 249.454609 70.710678 10.281078
6.170000 436.284884 249.556929 70.710678 10.182978
6.180000 436.991991 249.658268 70.710678 10.084878
6.190000 437.699098 249.758627 70.710678 9.986778
6.200000 438.406205 249.858004 70.710678 9.888678
6.210000 439.113312 249.956400 70.710678 9.790578
6.220000 439.820418 250.053816 70.710678 9.692478
6.230000 440.527525 250.150250 70.710678 9.594378
6.240000 441.234632 250.245703 70.710678 9.496278
6.250000 441.941739 250.340175 70.710678 9.398178
6.260000 442.648845 250.433667 70.710678 9.300078
6.270000 443.355952 250.526177 70.710678 9.201978
6.280000 444.063059 250.617706 70.710678 9.103878
6.290000 444.770166 250.708254 70.710678 9.005778
6.300000 445.477273 250.797822 70.710678 8.907678
6.310000 446.184379 250.886408 70.710678 8.809578
6.320000 446.891486 250.974013 70.710678 8.711478
6.330000 447.598593 251.060638 70.710678 8.613378
6.340000 448.305700 251.146281 70.710678 8.515278
6.350000 449.012806 251.230943 70.710678 8.417178
6.360000 449.719913 251.314624 70.710678 8.319078
6.370000 450.427020 251.397325 70.710678 8.220978
6.380000 451.134127 251.479044 70.710678 8.122878
6.390000 451.841234 251.559782 70.710678 8.024778
6.400000 452.548340 251.639540 70.710678 7.926678
6.410000 453.255447 251.718316 70.710678 7.828578
6.420000 453.962554 251.796111 70.710678 7.730478
6.430000 454.669661 251.872925 70.710678 7.632378
6.440000 455.376767 251.948759 70.710678 7.534278
6.450000 456.083874 252.023611 70.710678 7.436178
6.460000 456.790981 252.097482 70.710678 7.338078
6.470000 457.498088 252.170373 70.710678 7.239978
6.480000 458.205195 252.242282 70.710678 7.141878
6.490000 458.912301 252.313210 70.710678 7.043778
6.500000 459.619408 252.383157 70.710678 6.945678
6.510000 460.326515 252.452124 70.710678 6.847578
6.520000 461.033622 252.520109 70.710678 6.749478
6.530000 461.740729 252.587113 70.710678 6.651378
6.540000 462.447835 252.653136 70.710678 6.553278
6.550000 463.154942 252.718179 70.710678 6.455178
6.560000 463.862049 252.782240 70.710678 6.357078
6.570000 464.569156 252.845320 70.710678 6.258978
6.580000 465.276262 252.907420 70.710678 6.160878
6.590000 465.983369 252.968538 70.710678 6.062778
6.600000 466.690476 253.028675 70.710678 5.964678
6.610000 467.397583 253.087831 70.710678 5.866578
6.620000 468.104690 253.146007 70.710678 5.768478
6.630000 468.811796 253.203201 70.710678 5.670378
6.640000 469.518903 253.259414 70.710678 5.572278
6.650000 470.226010 253.314647 70.710678 5.474178
6.660000 470.933117 253.368898 70.710678 5.376078
6.670000 471.640223 253.422168 70.710678 5.277978
6.680000 472.347330 253.474457 70.710678 5.179878
6.690000 473.054437 253.525766 70.710678 5.081778
6.700000 473.761544 253.576093 70.710678 4.983678
6.710000 474.468651 253.625439 70.710678 4.885578
6.720000 475.175757 253.673805 70.710678 4.787478
6.730000 475.882864 253.721189 70.710678 4.689378
6.740000 476.589971 253.767592 70.710678 4.591278
6.750000 477.297078 253.813014 70.710678 4.493178
6.760000 478.004185 253.857456 70.710678 4.395078
6.770000 478.711291 253.900916 70.710678 4.296978
6.780000 479.418398 253.943395 70.710678 4.198878
6.790000 480.125505 253.984893 70.710678 4.100778
6.800000 480.832612 254.025411 70.710678 4.002678
6.810000 481.539718 254.064947 70.710678 3.904578
6.820000 482.246825 254.103502 70.710678 3.806478
6.830000 482.953932 254.141077 70.710678 3.708378
6.840000 483.661039 254.177670 70.710678 3.610278
6.850000 484.368146 254.213282 70.710678 3.512178
6.860000 485.075252 254.247913 70.710678 3.414078
6.870000 485.782359 254.281564 70.710678 3.315978
6.880000 486.489466 254.314233 70.710678 3.217878
6.890000 487.196573 254.345921 70.710678 3.119778
6.900000 487.903679 254.376629 70.710678 3.021678
6.910000 488.610786 254.406355 70.710678 2.923578
6.920000 489.317893 254.435100 70.710678 2.825478
6.930000 490.025000 254.462864 70.710678 2.727378
6.940000 490.732107 254.489648 70.710678 2.629278
6.950000 491.439213 254.515450 70.710678 2.531178
6.960000 492.146320 254.540271 70.710678 2.433078
6.970000 492.853427 254.564112 70.710678 2.334978
6.980000 493.560534 254.586971 70.710678 2.236878
6.990000 494.267640 254.608849 70.710678 2.138778
7.000000 494.974747 254.629746 70.710678 2.040678
7.010000 495.681854 254.649663 70.710678 1.942578
7.020000 496.388961 254.668598 70.710678 1.844478
7.030000 497.096068 254.686552 70.710678 1.746378
7.040000 497.803174 254.703526 70.710678 1.648278
7.050000 498.510281 254.719518 70.710678 1.550178
7.060000 499.217388 254.734529 70.710678 1.452078
7.070000 499.924495 254.748559 70.710678 1.353978
7.080000 500.631602 254.761609 70.710678 1.255878
7.090000 501.338708 254.773677 70.710678 1.157778
7.100000 502.045815 254.784764 70.710678 1.059678
7.110000 502.752922 254.794870 70.710678 0.961578
7.120000 503.460029 254.803996 70.710678 0.863478
7.130000 504.167135 254.812140 70.710678 0.765378
7.140000 504.874242 254.819303 70.710678 0.667278
7.150000 505.581349 254.825486 70.710678 0.569178
7.160000 506.288456 254.830687 70.710678 0.471078
7.170000 506.995563 254.834907 70.710678 0.372978
7.180000 507.702669 254.838146 70.710678 0.274878
7.190000 508.409776 254.840405 70.710678 0.176778
7.200000 509.116883 254.841682 70.710678 0.078678
7.210000 509.823990 254.841978 70.710678 -0.019422
7.220000 510.531096 254.841294 70.710678 -0.117522
7.230000 511.238203 254.839628 70.710678 -0.215622
7.240000 511.945310 254.836981 70.710678 -0.313722
7.250000 512.652417 254.833353 70.710678 -0.411822
7.260000 513.359524 254.828745 70.710678 -0.509922
7.270000 514.066630 254.823155 70.710678 -0.608022
7.280000 514.773737 254.816584 70.710678 -0.706122
7.290000 515.480844 254.809033 70.710678 -0.804222
7.300000 516.187951 254.800500 70.710678 -0.902322
7.310000 516.895058 254.790986 70.710678 -1.000422
7.320000 517.602164 254.780491 70.710678 -1.098522
7.330000 518.309271 254.769016 70.710678 -1.196622
7.340000 519.016378 254.756559 70.710678 -1.294722
7.350000 519.723485 254.743121 70.710678 -1.392822
7.360000 520.430591 254.728702 70.710678 -1.490922
7.370000 521.137698 254.713303 70.710678 -1.589022
7.380000 521.844805 254.696922 70.710678 -1.687122
7.390000 522.551912 254.679560 70.710678 -1.785222
7.400000 523.259019 254.661218 70.710678 -1.883322
7.410000 523.966125 254.641894 70.710678 -1.981422
7.420000 524.673232 254.621589 70.710678 -2.079522
7.430000 525.380339 254.600303 70.710678 -2.177622
7.440000 526.087446 254.578037 70.710678 -2.275722
7.450000 526.794552 254.554789 70.710678 -2.373822
7.460000 527.501659 254.530560 70.710678 -2.471922
7.470000 528.208766 254.505351 70.710678 -2.570022
7.480000 528.915873 254.479160 70.710678 -2.668122
7.490000 529.622980 254.451988 70.710678 -2.766222
7.500000 530.330086 254.423835 70.710678 -2.864322
7.510000 531.037193 254.394702 70.710678 -2.962422
7.520000 531.744300 254.364587 70.710678 -3.060522
7.530000 532.451407 254.333491 70.710678 -3.158622
7.540000 533.158513 254.301415 70.710678 -3.256722
7.550000 533.865620 254.268357 70.710678 -3.354822
7.560000 534.572727 254.234318 70.710678 -3.452922
7.570000 535.279834 254.199298 70.710678 -3.551022
7.580000 535.986941 254.163298 70.710678 -3.649122
7.590000 536.694047 254.126316 70.710678 -3.747222
7.600000 537.401154 254.088353 70.710678 -3.845322
7.610000 538.108261 254.049410 70.710678 -3.943422
7.620000 538.815368 254.009485 70.710678 -4.041522
7.630000 539.522475 253.968579 70.710678 -4.139622
7.640000 540.229581 253.926692 70.710678 -4.237722
7.650000 540.936688 253.883825 70.710678 -4.335822
7.660000 541.643795 253.839976 70.710678 -4.433922
7.670000 542.350902 253.795146 70.710678 -4.532022
7.680000 543.058008 253.749335 70.710678 -4.630122
7.690000 543.765115 253.702544 70.710678 -4.728222
7.700000 544.472222 253.654771 70.710678 -4.826322
7.710000 545.179329 253.606017 70.710678 -4.924422
7.720000 545.886436 253.556283 70.710678 -5.022522
7.730000 546.593542 253.505567 70.710678 -5.120622
7.740000 547.300649 253.453870 70.710678 -5.218722
7.750000 548.007756 253.401192 70.710678 -5.316822
7.760000 548.714863 253.347534 70.710678 -5.414922
7.770000 549.421969 253.292894 70.710678 -5.513022
7.780000 550.129076 253.237273 70.710678 -5.611122
7.790000 550.836183 253.180672 70.710678 -5.709222
7.800000 551.543290 253.123089 70.710678 -5.807322
7.810000 552.250397 253.064525 70.710678 -5.905422
7.820000 552.957503 253.004980 70.710678 -6.003522
7.830000 553.664610 252.944455 70.710678 -6.101622
7.840000 554.371717 252.882948 70.710678 -6.199722
7.850000 555.078824 252.820460 70.710678 -6.297822
7.860000 555.785931 252.756992 70.710678 -6.395922
7.870000 556.493037 252.692542 70.710678 -6.494022
7.880000 557.200144 252.627111 70.710678 -6.592122
7.890000 557.907251 252.560699 70.710678 -6.690222
7.900000 558.614358 252.493307 70.710678 -6.788322
7.910000 559.321464 252.424933 70.710678 -6.886422
7.920000 560.028571 252.355578 70.710678 -6.984522
7.930000 560.735678 252.285242 70.710678 -7.082622
7.940000 561.442785 252.213926 70.710678 -7.180722
7.950000 562.149892 252.141628 70.710678 -7.278822
7.960000 562.856998 252.068349 70.710678 -7.376922
7.970000 563.564105 251.994090 70.710678 -7.475022
7.980000 564.271212 251.918849 70.710678 -7.573122
7.990000 564.978319 251.842627 70.710678 -7.671222
8.000000 565.685425 251.765424 70.710678 -7.769322
8.010000 566.392532 251.687241 70.710678 -7.867422
8.020000 567.099639 251.608076 70.710678 -7.965522
8.030000 567.806746 251.527930 70.710678 -8.063622
8.040000 568.513853 251.446804 70.710678 -8.161722
8.050000 569.220959 251.364696 70.710678 -8.259822
8.060000 569.928066 251.281607 70.710678 -8.357922
8.070000 570.635173 251.197537 70.710678 -8.456022
8.080000 571.342280 251.112487 70.710678 -8.554122
8.090000 572.049386 251.026455 70.710678 -8.652222
8.100000 572.756493 250.939442 70.710678 -8.750322
8.110000 573.463600 250.851449 70.710678 -8.848422
8.120000 574.170707 250.762474 70.710678 -8.946522
8.130000 574.877814 250.672518 70.710678 -9.044622
8.140000 575.584920 250.581581 70.710678 -9.142722
8.150000 576.292027 250.489664 70.710678 -9.240822
8.160000 576.999134 250.396765 70.710678 -9.338922
8.170000 577.706241 250.302885 70.710678 -9.437022
8.180000 578.413348 250.208024 70.710678 -9.535122
8.190000 579.120454 250.112183 70.710678 -9.633222
8.200000 579.827561 250.015360 70.710678 -9.731322
8.210000 580.534668 249.917556 70.710678 -9.829422
8.220000 581.241775 249.818772 70.710678 -9.927522
8.230000 581.948881 249.719006 70.710678 -10.025622
8.240000 582.655988 249.618259 70.710678 -10.123722
8.250000 583.363095 249.516531 70.710678 -10.221822
8.260000 584.070202 249.413823 70.710678 -10.319922
8.270000 584.777309 249.310133 70.710678 -10.418022
8.280000 585.484415 249.205462 70.710678 -10.516122
8.290000 586.191522 249.099811 70.710678 -10.614222
8.300000 586.898629 248.993178 70.710678 -10.712322
8.310000 587.605736 248.885564 70.710678 -10.810422
8.320000 588.312842 248.776969 70.710678 -10.908522
8.330000 589.019949 248.667394 70.710678 -11.006622
8.340000 589.727056 248.556837 70.710678 -11.104722
8.350000 590.434163 248.445299 70.710678 -11.202822
8.360000 591.141270 248.332781 70.710678 -11.300922
8.370000 591.848376 248.219281 70.710678 -11.399022
8.380000 592.555483 248.104800 70.710678 -11.497122
8.390000 593.262590 247.989338 70.710678 -11.595222
8.400000 593.969697 247.872896 70.710678 -11.693322
8.410000 594.676804 247.755472 70.710678 -11.791422
8.420000 595.383910 247.637067 70.710678 -11.889522
8.430000 596.091017 247.517682 70.710678 -11.987622
8.440000 596.798124 247.397315 70.710678 -12.085722
8.450000 597.505231 247.275967 70.710678 -12.183822
8.460000 598.212337 247.153638 70.710678 -12.281922
8.470000 598.919444 247.030329 70.710678 -12.380022
8.480000 599.626551 246.906038 70.710678 -12.478122
8.490000 600.333658 246.780766 70.710678 -12.576222
8.500000 601.040765 246.654513 70.710678 -12.674322
8.510000 601.747871 246.527280 70.710678 -12.772422
8.520000 602.454978 246.399065 70.710678 -12.870522
8.530000 603.162085 246.269869 70.710678 -12.968622
8.540000 603.869192 246.139693 70.710678 -13.066722
8.550000 604.576298 246.008535 70.710678 -13.164822
8.560000 605.283405 245.876396 70.710678 -13.262922
8.570000 605.990512 245.743276 70.710678 -13.361022
8.580000 606.697619 245.609176 70.710678 -13.459122
8.590000 607.404726 245.474094 70.710678 -13.557222
8.600000 608.111832 245.338031 70.710678 -13.655322
8.610000 608.818939 245.200988 70.710678 -13.753422
8.620000 609.526046 245.062963 70.710678 -13.851522
8.630000 610.233153 244.923957 70.710678 -13.949622
8.640000 610.940259 244.783970 70.710678 -14.047722
8.650000 611.647366 244.643003 70.710678 -14.145822
8.660000 612.354473 244.501054 70.710678 -14.243922
8.670000 613.061580 244.358124 70.710678 -14.342022
8.680000 613.768687 244.214214 70.710678 -14.440122
8.690000 614.475793 244.069322 70.710678 -14.538222
8.700000 615.182900 243.923449 70.710678 -14.636322
8.710000 615.890007 243.776595 70.710678 -14.734422
8.720000 616.597114 243.628761 70.710678 -14.832522
8.730000 617.304221 243.479945 70.710678 -14.930622
8.740000 618.011327 243.330148 70.710678 -15.028722
8.750000 618.718434 243.179370 70.710678 -15.126822
8.760000 619.425541 243.027612 70.710678 -15.224922
8.770000 620.132648 242.874872 70.710678 -15.323022
8.780000 620.839754 242.721151 70.710678 -15.421122
8.790000 621.546861 242.566450 70.710678 -15.519222
8.800000 622.253968 242.410767 70.710678 -15.617322
8.810000 622.961075 242.254103 70.710678 -15.715422
8.820000 623.668182 242.096458 70.710678 -15.813522
8.830000 624.375288 241.937833 70.710678 -15.911622
8.840000 625.082395 241.778226 70.710678 -16.009722
8.850000 625.789502 241.617638 70.710678 -16.107822
8.860000 626.496609 241.456070 70.710678 -16.205922
8.870000 627.203715 241.293520 70.710678 -16.304022
8.880000 627.910822 241.129989 70.710678 -16.402122
8.890000 628.617929 240.965477 70.710678 -16.500222
8.900000 629.325036 240.799985 70.710678 -16.598322
8.910000 630.032143 240.633511 70.710678 -16.696422
8.920000 630.739249 240.466056 70.710678 -16.794522
8.930000 631.446356 240.297621 70.710678 -16.892622
8.940000 632.153463 240.128204 70.710678 -16.990722
8.950000 632.860570 239.957806 70.710678 -17.088822
8.960000 633.567677 239.786427 70.710678 -17.186922
8.970000 634.274783 239.614068 70.710678 -17.285022
8.980000 634.981890 239.440727 70.710678 -17.383122
8.990000 635.688997 239.266405 70.710678 -17.481222
9.000000 636.396104 239.091102 70.710678 -17.579322
9.010000 637.103210 238.914819 70.710678 -17.677422
9.020000 637.810317 238.737554 70.710678 -17.775522
9.030000 638.517424 238.559308 70.710678 -17.873622
9.040000 639.224531 238.380082 70.710678 -17.971722
9.050000 639.931638 238.199874 70.710678 -18.069822
9.060000 640.638744 238.018685 70.710678 -18.167922
9.070000 641.345851 237.836515 70.710678 -18.266022
9.080000 642.052958 237.653365 70.710678 -18.364122
9.090000 642.760065 237.469233 70.710678 -18.462222
9.100000 643.467171 237.284120 70.710678 -18.560322
9.110000 644.174278 237.098027 70.710678 -18.658422
9.120000 644.881385 236.910952 70.710678 -18.756522
9.130000 645.588492 236.722896 70.710678 -18.854622
9.140000 646.295599 236.533859 70.710678 -18.952722
9.150000 647.002705 236.343842 70.710678 -19.050822
9.160000 647.709812 236.152843 70.710678 -19.148922
9.170000 648.416919 235.960863 70.710678 -19.247022
9.180000 649.124026 235.767903 70.710678 -19.345122
9.190000 649.831132 235.573961 70.710678 -19.443222
9.200000 650.538239 235.379038 70.710678 -19.541322
9.210000 651.245346 235.183134 70.710678 -19.639422
9.220000 651.952453 234.986250 70.710678 -19.737522
9.230000 652.659560 234.788384 70.710678 -19.835622
9.240000 653.366666 234.589537 70.710678 -19.933722
9.250000 654.073773 234.389710 70.710678 -20.031822
9.260000 654.780880 234.188901 70.710678 -20.129922
9.270000 655.487987 233.987111 70.710678 -20.228022
9.280000 656.195094 233.784340 70.710678 -20.326122
9.290000 656.902200 233.580589 70.710678 -20.424222
9.300000 657.609307 233.375856 70.710678 -20.522322
9.310000 658.316414 233.170142 70.710678 -20.620422
9.320000 659.023521 232.963447 70.710678 -20.718522
9.330000 659.730627 232.755772 70.710678 -20.816622
9.340000 660.437734 232.547115 70.710678 -20.914722
9.350000 661.144841 232.337477 70.710678 -21.012822
9.360000 661.851948 232.126859 70.710678 -21.110922
9.370000 662.559055 231.915259 70.710678 -21.209022
9.380000 663.266161 231.702678 70.710678 -21.307122
9.390000 663.973268 231.489116 70.710678 -21.405222
9.400000 664.680375 231.274574 70.710678 -21.503322
9.410000 665.387482 231.059050 70.710678 -21.601422
9.420000 666.094588 230.842545 70.710678 -21.699522
9.430000 666.801695 230.625060 70.710678 -21.797622
9.440000 667.508802 230.406593 70.710678 -21.895722
9.450000 668.215909 230.187145 70.710678 -21.993822
9.460000 668.923016 229.966716 70.710678 -22.091922
9.470000 669.630122 229.745307 70.710678 -22.190022
9.480000 670.337229 229.522916 70.710678 -22.288122
9.490000 671.044336 229.299544 70.710678 -22.386222
9.500000 671.751443 229.075192 70.710678 -22.484322
9.510000 672.458550 228.849858 70.710678 -22.582422
9.520000 673.165656 228.623543 70.710678 -22.680522
9.530000 673.872763 228.396247 70.710678 -22.778622
9.540000 674.579870 228.167971 70.710678 -22.876722
9.550000 675.286977 227.938713 70.710678 -22.974822
9.560000 675.994083 227.708474 70.710678 -23.072922
9.570000 676.701190 227.477254 70.710678 -23.171022
9.580000 677.408297 227.245054 70.710678 -23.269122
9.590000 678.115404 227.011872 70.710678 -23.367222
9.600000 678.822511 226.777709 70.710678 -23.465322
9.610000 679.529617 226.542566 70.710678 -23.563422
9.620000 680.236724 226.306441 70.710678 -23.661522
9.630000 680.943831 226.069335 70.710678 -23.759622
9.640000 681.650938 225.831248 70.710678 -23.857722
9.650000 682.358044 225.592181 70.710678 -23.955822
9.660000 683.065151 225.352132 70.710678 -24.053922
9.670000 683.772258 225.111102 70.710678 -24.152022
9.680000 684.479365 224.869092 70.710678 -24.250122
9.690000 685.186472 224.626100 70.710678 -24.348222
9.700000 685.893578 224.382127 70.710678 -24.446322
9.710000 686.600685 224.137173 70.710678 -24.544422
9.720000 687.307792 223.891239 70.710678 -24.642522
9.730000 688.014899 223.644323 70.710678 -24.740622
9.740000 688.722005 223.396426 70.710678 -24.838722
9.750000 689.429112 223.147549 70.710678 -24.936822
9.760000 690.136219 222.897690 70.710678 -25.034922
9.770000 690.843326 222.646850 70.710678 -25.133022
9.780000 691.550433 222.395029 70.710678 -25.231122
9.790000 692.257539 222.142228 70.710678 -25.329222
9.800000 692.964646 221.888445 70.710678 -25.427322
9.810000 693.671753 221.633681 70.710678 -25.525422
9.820000 694.378860 221.377937 70.710678 -25.623522
9.830000 695.085967 221.121211 70.710678 -25.721622
9.840000 695.793073 220.863504 70.710678 -25.819722
9.850000 696.500180 220.604816 70.710678 -25.917822
9.860000 697.207287 220.345148 70.710678 -26.015922
9.870000 697.914394 220.084498 70.710678 -26.114022
9.880000 698.621500 219.822867 70.710678 -26.212122
9.890000 699.328607 219.560255 70.710678 -26.310222
9.900000 700.035714 219.296663 70.710678 -26.408322
9.910000 700.742821 219.032089 70.710678 -26.506422
9.920000 701.449928 218.766534 70.710678 -26.604522
9.930000 702.157034 218.499999 70.710678 -26.702622
9.940000 702.864141 218.232482 70.710678 -26.800722
9.950000 703.571248 217.963984 70.710678 -26.898822
9.960000 704.278355 217.694505 70.710678 -26.996922
9.970000 704.985461 217.424046 70.710678 -27.095022
9.980000 705.692568 217.152605 70.710678 -27.193122
9.990000 706.399675 216.880183 70.710678 -27.291222
10.000000 707.106782 216.606781 70.710678 -27.389322
10.010000 707.813889 216.332397 70.710678 -27.487422
10.020000 708.520995 216.057032 70.710678 -27.585522
10.030000 709.228102 215.780686 70.710678 -27.683622
10.040000 709.935209 215.503360 70.710678 -27.781722
10.050000 710.642316 215.225052 70.710678 -27.879822
10.060000 711.349423 214.945763 70.710678 -27.977922
10.070000 712.056529 214.665494 70.710678 -28.076022
10.080000 712.763636 214.384243 70.710678 -28.174122
10.090000 713.470743 214.102011 70.710678 -28.272222
10.100000 714.177850 213.818798 70.710678 -28.370322
10.110000 714.884956 213.534605 70.710678 -28.468422
10.120000 715.592063 213.249430 70.710678 -28.566522
10.130000 716.299170 212.963274 70.710678 -28.664622
10.140000 717.006277 212.676137 70.710678 -28.762722
10.150000 717.713384 212.388020 70.710678 -28.860822
10.160000 718.420490 212.098921 70.710678 -28.958922
10.170000 719.127597 211.808841 70.710678 -29.057022
10.180000 719.834704 211.517781 70.710678 -29.155122
10.190000 720.541811 211.225739 70.710678 -29.253222
10.200000 721.248917 210.932716 70.710678 -29.351322
10.210000 721.956024 210.638712 70.710678 -29.449422
10.220000 722.663131 210.343728 70.710678 -29.547522
10.230000 723.370238 210.047762 70.710678 -29.645622
10.240000 724.077345 209.750815 70.710678 -29.743722
10.250000 724.784451 209.452888 70.710678 -29.841822
10.260000 725.491558 209.153979 70.710678 -29.939922
10.270000 726.198665 208.854089 70.710678 -30.038022
10.280000 726.905772 208.553218 70.710678 -30.136122
10.290000 727.612878 208.251367 70.710678 -30.234222
10.300000 728.319985 207.948534 70.710678 -30.332322
10.310000 729.027092 207.644720 70.710678 -30.430422
10.320000 729.734199 207.339926 70.710678 -30.528522
10.330000 730.441306 207.034150 70.710678 -30.626622
10.340000 731.148412 206.727393 70.710678 -30.724722
10.350000 731.855519 206.419655 70.710678 -30.822822
10.360000 732.562626 206.110937 70.710678 -30.920922
10.370000 733.269733 205.801237 70.710678 -31.019022
10.380000 733.976840 205.490556 70.710678 -31.117122
10.390000 734.683946 205.178894 70.710678 -31.215222
10.400000 735.391053 204.866252 70.710678 -31.313322
10.410000 736.098160 204.552628 70.710678 -31.411422
10.420000 736.805267 204.238023 70.710678 -31.509522
10.430000 737.512373 203.922438 70.710678 -31.607622
10.440000 738.219480 203.605871 70.710678 -31.705722
10.450000 738.926587 203.288323 70.710678 -31.803822
10.460000 739.633694 202.969794 70.710678 -31.901922
10.470000 740.340801 202.650285 70.710678 -32.000022
10.480000 741.047907 202.329794 70.710678 -32.098122
10.490000 741.755014 202.008322 70.710678 -32.196222
10.500000 742.462121 201.685870 70.710678 -32.294322
10.510000 743.169228 201.362436 70.710678 -32.392422
10.520000 743.876334 201.038021 70.710678 -32.490522
10.530000 744.583441 200.712625 70.710678 -32.588622
10.540000 745.290548 200.386249 70.710678 -32.686722
10.550000 745.997655 200.058891 70.710678 -32.784822
10.560000 746.704762 199.730552 70.710678 -32.882922
10.570000 747.411868 199.401233 70.710678 -32.981022
10.580000 748.118975 199.070932 70.710678 -33.079122
10.590000 748.826082 198.739650 70.710678 -33.177222
10.600000 749.533189 198.407387 70.710678 -33.275322
10.610000 750.240296 198.074144 70.710678 -33.373422
10.620000 750.947402 197.739919 70.710678 -33.471522
10.630000 751.654509 197.404713 70.710678 -33.569622
10.640000 752.361616 197.068527 70.710678 -33.667722
10.650000 753.068723 196.731359 70.710678 -33.765822
10.660000 753.775829 196.393210 70.710678 -33.863922
10.670000 754.482936 196.054080 70.710678 -33.962022
10.680000 755.190043 195.713970 70.710678 -34.060122
10.690000 755.897150 195.372878 70.710678 -34.158222
10.700000 756.604257 195.030805 70.710678 -34.256322
10.710000 757.311363 194.687751 70.710678 -34.354422
10.720000 758.018470 194.343717 70.710678 -34.452522
10.730000 758.725577 193.998701 70.710678 -34.550622
10.740000 759.432684 193.652704 70.710678 -34.648722
10.750000 760.139790 193.305727 70.710678 -34.746822
10.760000 760.846897 192.957768 70.710678 -34.844922
10.770000 761.554004 192.608828 70.710678 -34.943022
10.780000 762.261111 192.258907 70.710678 -35.041122
10.790000 762.968218 191.908006 70.710678 -35.139222
10.800000 763.675324 191.556123 70.710678 -35.237322
10.810000 764.382431 191.203259 70.710678 -35.335422
10.820000 765.089538 190.849415 70.710678 -35.433522
10.830000 765.796645 190.494589 70.710678 -35.531622
10.840000 766.503751 190.138782 70.710678 -35.629722
10.850000 767.210858 189.781994 70.710678 -35.727822
10.860000 767.917965 189.424226 70.710678 -35.825922
10.870000 768.625072 189.065476 70.710678 -35.924022
10.880000 769.332179 188.705745 70.710678 -36.022122
10.890000 770.039285 188.345034 70.710678 -36.120222
10.900000 770.746392 187.983341 70.710678 -36.218322
10.910000 771.453499 187.620667 70.710678 -36.316422
10.920000 772.160606 187.257012 70.710678 -36.414522
10.930000 772.867713 186.892377 70.710678 -36.512622
10.940000 773.574819 186.526760 70.710678 -36.610722
10.950000 774.281926 186.160162 70.710678 -36.708822
10.960000 774.989033 185.792583 70.710678 -36.806922
10.970000 775.696140 185.424024 70.710678 -36.905022
10.980000 776.403246 185.054483 70.710678 -37.003122
10.990000 777.110353 184.683961 70.710678 -37.101222
11.000000 777.817460 184.312459 70.710678 -37.199322
11.010000 778.524567 183.939975 70.710678 -37.297422
11.020000 779.231674 183.566510 70.710678 -37.395522
11.030000 779.938780 183.192064 70.710678 -37.493622
11.040000 780.645887 182.816638 70.710678 -37.591722
11.050000 781.352994 182.440230 70.710678 -37.689822
11.060000 782.060101 182.062841 70.710678 -37.787922
11.070000 782.767207 181.684472 70.710678 -37.886022
11.080000 783.474314 181.305121 70.710678 -37.984122
11.090000 784.181421 180.924789 70.710678 -38.082222
11.100000 784.888528 180.543476 70.710678 -38.180322
11.110000 785.595635 180.161183 70.710678 -38.278422
11.120000 786.302741 179.777908 70.710678 -38.376522
11.130000 787.009848 179.393652 70.710678 -38.474622
11.140000 787.716955 179.008416 70.710678 -38.572722
11.150000 788.424062 178.622198 70.710678 -38.670822
11.160000 789.131169 178.234999 70.710678 -38.768922
11.170000 789.838275 177.846819 70.710678 -38.867022
11.180000 790.545382 177.457659 70.710678 -38.965122
11.190000 791.252489 177.067517 70.710678 -39.063222
11.200000 791.959596 176.676394 70.710678 -39.161322
11.210000 792.666702 176.284290 70.710678 -39.259422
11.220000 793.373809 175.891206 70.710678 -39.357522
11.230000 794.080916 175.497140 70.710678 -39.455622
11.240000 794.788023 175.102093 70.710678 -39.553722
11.250000 795.495130 174.706066 70.710678 -39.651822
11.260000 796.202236 174.309057 70.710678 -39.749922
11.270000 796.909343 173.911067 70.710678 -39.848022
11.280000 797.616450 173.512096 70.710678 -39.946122
11.290000 798.323557 173.112145 70.710678 -40.044222
11.300000 799.030663 172.711212 70.710678 -40.142322
11.310000 799.737770 172.309298 70.710678 -40.240422
11.320000 800.444877 171.906404 70.710678 -40.338522
11.330000 801.151984 171.502528 70.710678 -40.436622
11.340000 801.859091 171.097671 70.710678 -40.534722
11.350000 802.566197 170.691833 70.710678 -40.632822
11.360000 803.273304 170.285015 70.710678 -40.730922
11.370000 803.980411 169.877215 70.710678 -40.829022
11.380000 804.687518 169.468434 70.710678 -40.927122
11.390000 805.394624 169.058673 70.710678 -41.025222
11.400000 806.101731 168.647930 70.710678 -41.123322
11.410000 806.808838 168.236206 70.710678 -41.221422
11.420000 807.515945 167.823501 70.710678 -41.319522
11.430000 808.223052 167.409816 70.710678 -41.417622
11.440000 808.930158 166.995149 70.710678 -41.515722
11.450000 809.637265 166.579501 70.710678 -41.613822
11.460000 810.344372 166.162873 70.710678 -41.711922
11.470000 811.051479 165.745263 70.710678 -41.810022
11.480000 811.758586 165.326672 70.710678 -41.908122
11.490000 812.465692 164.907100 70.710678 -42.006222
11.500000 813.172799 164.486548 70.710678 -42.104322
11.510000 813.879906 164.065014 70.710678 -42.202422
11.520000 814.587013 163.642499 70.710678 -42.300522
11.530000 815.294119 163.219003 70.710678 -42.398622
11.540000 816.001226 162.794527 70.710678 -42.496722
11.550000 816.708333 162.369069 70.710678 -42.594822
11.560000 817.415440 161.942630 70.710678 -42.692922
11.570000 818.122547 161.515211 70.710678 -42.791022
11.580000 818.829653 161.086810 70.710678 -42.889122
11.590000 819.536760 160.657428 70.710678 -42.987222
11.600000 820.243867 160.227065 70.710678 -43.085322
11.610000 820.950974 159.795722 70.710678 -43.183422
11.620000 821.658080 159.363397 70.710678 -43.281522
11.630000 822.365187 158.930091 70.710678 -43.379622
11.640000 823.072294 158.495805 70.710678 -43.477722
11.650000 823.779401 158.060537 70.710678 -43.575822
11.660000 824.486508 157.624288 70.710678 -43.673922
11.670000 825.193614 157.187058 70.710678 -43.772022
11.680000 825.900721 156.748848 70.710678 -43.870122
11.690000 826.607828 156.309656 70.710678 -43.968222
11.700000 827.314935 155.869483 70.710678 -44.066322
11.710000 828.022042 155.428330 70.710678 -44.164422
11.720000 828.729148 154.986195 70.710678 -44.262522
11.730000 829.436255 154.543079 70.710678 -44.360622
11.740000 830.143362 154.098982 70.710678 -44.458722
11.750000 830.850469 153.653905 70.710678 -44.556822
11.760000 831.557575 153.207846 70.710678 -44.654922
11.770000 832.264682 152.760806 70.710678 -44.753022
11.780000 832.971789 152.312785 70.710678 -44.851122
11.790000 833.678896 151.863784 70.710678 -44.949222
11.800000 834.386003 151.413801 70.710678 -45.047322
11.810000 835.093109 150.962837 70.710678 -45.145422
11.820000 835.800216 150.510893 70.710678 -45.243522
11.830000 836.507323 150.057967 70.710678 -45.341622
11.840000 837.214430 149.604060 70.710678 -45.439722
11.850000 837.921536 149.149172 70.710678 -45.537822
11.860000 838.628643 148.693304 70.710678 -45.635922
11.870000 839.335750 148.236454 70.710678 -45.734022
11.880000 840.042857 147.778623 70.710678 -45.832122
11.890000 840.749964 147.319812 70.710678 -45.930222
11.900000 841.457070 146.860019 70.710678 -46.028322
11.910000 842.164177 146.399245 70.710678 -46.126422
11.920000 842.871284 145.937490 70.710678 -46.224522
11.930000 843.578391 145.474755 70.710678 -46.322622
11.940000 844.285497 145.011038 70.710678 -46.420722
11.950000 844.992604 144.546340 70.710678 -46.518822
11.960000 845.699711 144.080662 70.710678 -46.616922
11.970000 846.406818 143.614002 70.710678 -46.715022
11.980000 847.113925 143.146361 70.710678 -46.813122
11.990000 847.821031 142.677739 70.710678 -46.911222
12.000000 848.528138 142.208137 70.710678 -47.009322
12.010000 849.235245 141.737553 70.710678 -47.107422
12.020000 849.942352 141.265988 70.710678 -47.205522
12.030000 850.649459 140.793443 70.710678 -47.303622
12.040000 851.356565 140.319916 70.710678 -47.401722
12.050000 852.063672 139.845408 70.710678 -47.499822
12.060000 852.770779 139.369919 70.710678 -47.597922
12.070000 853.477886 138.893450 70.710678 -47.696022
12.080000 854.184992 138.415999 70.710678 -47.794122
12.090000 854.892099 137.937567 70.710678 -47.892222
12.100000 855.599206 137.458154 70.710678 -47.990322
12.110000 856.306313 136.977761 70.710678 -48.088422
12.120000 857.013420 136.496386 70.710678 -48.186522
12.130000 857.720526 136.014030 70.710678 -48.284622
12.140000 858.427633 135.530694 70.710678 -48.382722
12.150000 859.134740 135.046376 70.710678 -48.480822
12.160000 859.841847 134.561077 70.710678 -48.578922
12.170000 860.548953 134.074797 70.710678 -48.677022
12.180000 861.256060 133.587537 70.710678 -48.775122
12.190000 861.963167 133.099295 70.710678 -48.873222
12.200000 862.670274 132.610072 70.710678 -48.971322
12.210000 863.377381 132.119869 70.710678 -49.069422
12.220000 864.084487 131.628684 70.710678 -49.167522
12.230000 864.791594 131.136518 70.710678 -49.265622
12.240000 865.498701 130.643371 70.710678 -49.363722
12.250000 866.205808 130.149244 70.710678 -49.461822
12.260000 866.912915 129.654135 70.710678 -49.559922
12.270000 867.620021 129.158045 70.710678 -49.658022
12.280000 868.327128 128.660975 70.710678 -49.756122
12.290000 869.034235 128.162923 70.710678 -49.854222
12.300000 869.741342 127.663890 70.710678 -49.952322
12.310000 870.448448 127.163876 70.710678 -50.050422
12.320000 871.155555 126.662882 70.710678 -50.148522
12.330000 871.862662 126.160906 70.710678 -50.246622
12.340000 872.569769 125.657949 70.710678 -50.344722
12.350000 873.276876 125.154011 70.710678 -50.442822
12.360000 873.983982 124.649093 70.710678 -50.540922
12.370000 874.691089 124.143193 70.710678 -50.639022
12.380000 875.398196 123.636312 70.710678 -50.737122
12.390000 876.105303 123.128451 70.710678 -50.835222
12.400000 876.812409 122.619608 70.710678 -50.933322
12.410000 877.519516 122.109784 70.710678 -51.031422
12.420000 878.226623 121.598979 70.710678 -51.129522
12.430000 878.933730 121.087194 70.710678 -51.227622
12.440000 879.640837 120.574427 70.710678 -51.325722
12.450000 880.347943 120.060679 70.710678 -51.423822
12.460000 881.055050 119.545951 70.710678 -51.521922
12.470000 881.762157 119.030241 70.710678 -51.620022
12.480000 882.469264 118.513550 70.710678 -51.718122
12.490000 883.176370 117.995878 70.710678 -51.816222
12.500000 883.883477 117.477226 70.710678 -51.914322
12.510000 884.590584 116.957592 70.710678 -52.012422
12.520000 885.297691 116.436977 70.710678 -52.110522
12.530000 886.004798 115.915382 70.710678 -52.208622
12.540000 886.711904 115.392805 70.710678 -52.306722
12.550000 887.419011 114.869247 70.710678 -52.404822
12.560000 888.126118 114.344708 70.710678 -52.502922
12.570000 888.833225 113.819189 70.710678 -52.601022
12.580000 889.540332 113.292688 70.710678 -52.699122
12.590000 890.247438 112.765206 70.710678 -52.797222
12.600000 890.954545 112.236743 70.710678 -52.895322
12.610000 891.661652 111.707300 70.710678 -52.993422
12.620000 892.368759 111.176875 70.710678 -53.091522
12.630000 893.075865 110.645469 70.710678 -53.189622
12.640000 893.782972 110.113083 70.710678 -53.287722
12.650000 894.490079 109.579715 70.710678 -53.385822
12.660000 895.197186 109.045366 70.710678 -53.483922
12.670000 895.904293 108.510036 70.710678 -53.582022
12.680000 896.611399 107.973726 70.710678 -53.680122
12.690000 897.318506 107.436434 70.710678 -53.778222
12.700000 898.025613 106.898161 70.710678 -53.876322
12.710000 898.732720 106.358908 70.710678 -53.974422
12.720000 899.439826 105.818673 70.710678 -54.072522
12.730000 900.146933 105.277457 70.710678 -54.170622
12.740000 900.854040 104.735260 70.710678 -54.268722
12.750000 901.561147 104.192083 70.710678 -54.366822
12.760000 902.268254 103.647924 70.710678 -54.464922
12.770000 902.975360 103.102784 70.710678 -54.563022
12.780000 903.682467 102.556664 70.710678 -54.661122
12.790000 904.389574 102.009562 70.710678 -54.759222
12.800000 905.096681 101.461479 70.710678 -54.857322
12.810000 905.803788 100.912415 70.710678 -54.955422
12.820000 906.510894 100.362371 70.710678 -55.053522
12.830000 907.218001 99.811345 70.710678 -55.151622
12.840000 907.925108 99.259338 70.710678 -55.249722
12.850000 908.632215 98.706351 70.710678 -55.347822
12.860000 909.339321 98.152382 70.710678 -55.445922
12.870000 910.046428 97.597432 70.710678 -55.544022
12.880000 910.753535 97.041501 70.710678 -55.642122
12.890000 911.460642 96.484590 70.710678 -55.740222
12.900000 912.167749 95.926697 70.710678 -55.838322
12.910000 912.874855 95.367823 70.710678 -55.936422
12.920000 913.581962 94.807968 70.710678 -56.034522
12.930000 914.289069 94.247133 70.710678 -56.132622
12.940000 914.996176 93.685316 70.710678 -56.230722
12.950000 915.703282 93.122518 70.710678 -56.328822
12.960000 916.410389 92.558740 70.710678 -56.426922
12.970000 917.117496 91.993980 70.710678 -56.525022
12.980000 917.824603 91.428239 70.710678 -56.623122
12.990000 918.531710 90.861517 70.710678 -56.721222
13.000000 919.238816 90.293815 70.710678 -56.819322
13.010000 919.945923 89.725131 70.710678 -56.917422
13.020000 920.653030 89.155466 70.710678 -57.015522
13.030000 921.360137 88.584821 70.710678 -57.113622
13.040000 922.067243 88.013194 70.710678 -57.211722
13.050000 922.774350 87.440586 70.710678 -57.309822
13.060000 923.481457 86.866997 70.710678 -57.407922
13.070000 924.188564 86.292428 70.710678 -57.506022
13.080000 924.895671 85.716877 70.710678 -57.604122
13.090000 925.602777 85.140345 70.710678 -57.702222
13.100000 926.309884 84.562833 70.710678 -57.800322
13.110000 927.016991 83.984339 70.710678 -57.898422
13.120000 927.724098 83.404864 70.710678 -57.996522
13.130000 928.431205 82.824408 70.710678 -58.094622
13.140000 929.138311 82.242972 70.710678 -58.192722
13.150000 929.845418 81.660554 70.710678 -58.290822
13.160000 930.552525 81.077155 70.710678 -58.388922
13.170000 931.259632 80.492775 70.710678 -58.487022
13.180000 931.966738 79.907415 70.710678 -58.585122
13.190000 932.673845 79.321073 70.710678 -58.683222
13.200000 933.380952 78.733750 70.710678 -58.781322
13.210000 934.088059 78.145447 70.710678 -58.879422
13.220000 934.795166 77.556162 70.710678 -58.977522
13.230000 935.502272 76.965896 70.710678 -59.075622
13.240000 936.209379 76.374649 70.710678 -59.173722
13.250000 936.916486 75.782422 70.710678 -59.271822
13.260000 937.623593 75.189213 70.710678 -59.369922
13.270000 938.330699 74.595023 70.710678 -59.468022
13.280000 939.037806 73.999853 70.710678 -59.566122
13.290000 939.744913 73.403701 70.710678 -59.664222
13.300000 940.452020 72.806568 70.710678 -59.762322
13.310000 941.159127 72.208454 70.710678 -59.860422
13.320000 941.866233 71.609360 70.710678 -59.958522
13.330000 942.573340 71.009284 70.710678 -60.056622
13.340000 943.280447 70.408227 70.710678 -60.154722
13.350000 943.987554 69.806190 70.710678 -60.252822
13.360000 944.694661 69.203171 70.710678 -60.350922
13.370000 945.401767 68.599171 70.710678 -60.449022
13.380000 946.108874 67.994190 70.710678 -60.547122
13.390000 946.815981 67.388229 70.710678 -60.645222
13.400000 947.523088 66.781286 70.710678 -60.743322
13.410000 948.230194 66.173362 70.710678 -60.841422
13.420000 948.937301 65.564458 70.710678 -60.939522
13.430000 949.644408 64.954572 70.710678 -61.037622
13.440000 950.351515 64.343705 70.710678 -61.135722
13.450000 951.058622 63.731857 70.710678 -61.233822
13.460000 951.765728 63.119029 70.710678 -61.331922
13.470000 952.472835 62.505219 70.710678 -61.430022
13.480000 953.179942 61.890428 70.710678 -61.528122
13.490000 953.887049 61.274656 70.710678 -61.626222
13.500000 954.594155 60.657904 70.710678 -61.724322
13.510000 955.301262 60.040170 70.710678 -61.822422
13.520000 956.008369 59.421455 70.710678 -61.920522
13.530000 956.715476 58.801760 70.710678 -62.018622
13.540000 957.422583 58.181083 70.710678 -62.116722
13.550000 958.129689 57.559425 70.710678 -62.214822
13.560000 958.836796 56.936786 70.710678 -62.312922
13.570000 959.543903 56.313167 70.710678 -62.411022
13.580000 960.251010 55.688566 70.710678 -62.509122
13.590000 960.958116 55.062984 70.710678 -62.607222
13.600000 961.665223 54.436422 70.710678 -62.705322
13.610000 962.372330 53.808878 70.710678 -62.803422
13.620000 963.079437 53.180353 70.710678 -62.901522
13.630000 963.786544 52.550847 70.710678 -62.999622
13.640000 964.493650 51.920361 70.710678 -63.097722
13.650000 965.200757 51.288893 70.710678 -63.195822
13.660000 965.907864 50.656444 70.710678 -63.293922
13.670000 966.614971 50.023015 70.710678 -63.392022
13.680000 967.322078 49.388604 70.710678 -63.490122
13.690000 968.029184 48.753212 70.710678 -63.588222
13.700000 968.736291 48.116839 70.710678 -63.686322
13.710000 969.443398 47.479486 70.710678 -63.784422
13.720000 970.150505 46.841151 70.710678 -63.882522
13.730000 970.857611 46.201835 70.710678 -63.980622
13.740000 971.564718 45.561538 70.710678 -64.078722
13.750000 972.271825 44.920261 70.710678 -64.176822
13.760000 972.978932 44.278002 70.710678 -64.274922
13.770000 973.686039 43.634762 70.710678 -64.373022
13.780000 974.393145 42.990542 70.710678 -64.471122
13.790000 975.100252 42.345340 70.710678 -64.569222
13.800000 975.807359 41.699157 70.710678 -64.667322
13.810000 976.514466 41.051993 70.710678 -64.765422
13.820000 977.221572 40.403849 70.710678 -64.863522
13.830000 977.928679 39.754723 70.710678 -64.961622
13.840000 978.635786 39.104616 70.710678 -65.059722
13.850000 979.342893 38.453529 70.710678 -65.157822
13.860000 980.050000 37.801460 70.710678 -65.255922
13.870000 980.757106 37.148410 70.710678 -65.354022
13.880000 981.464213 36.494379 70.710678 -65.452122
13.890000 982.171320 35.839368 70.710678 -65.550222
13.900000 982.878427 35.183375 70.710678 -65.648322
13.910000 983.585534 34.526401 70.710678 -65.746422
13.920000 984.292640 33.868447 70.710678 -65.844522
13.930000 984.999747 33.209511 70.710678 -65.942622
13.940000 985.706854 32.549594 70.710678 -66.040722
13.950000 986.413961 31.888696 70.710678 -66.138822
13.960000 987.121067 31.226818 70.710678 -66.236922
13.970000 987.828174 30.563958 70.710678 -66.335022
13.980000 988.535281 29.900117 70.710678 -66.433122
13.990000 989.242388 29.235295 70.710678 -66.531222
14.000000 989.949495 28.569493 70.710678 -66.629322
14.010000 990.656601 27.902709 70.710678 -66.727422
14.020000 991.363708 27.234944 70.710678 -66.825522
14.030000 992.070815 26.566199 70.710678 -66.923622
14.040000 992.777922 25.896472 70.710678 -67.021722
14.050000 993.485028 25.225764 70.710678 -67.119822
14.060000 994.192135 24.554075 70.710678 -67.217922
14.070000 994.899242 23.881406 70.710678 -67.316022
14.080000 995.606349 23.207755 70.710678 -67.414122
14.090000 996.313456 22.533123 70.710678 -67.512222
14.100000 997.020562 21.857511 70.710678 -67.610322
14.110000 997.727669 21.180917 70.710678 -67.708422
14.120000 998.434776 20.503342 70.710678 -67.806522
14.130000 999.141883 19.824786 70.710678 -67.904622
14.140000 999.848989 19.145250 70.710678 -68.002722
14.150000 1000.556096 18.464732 70.710678 -68.100822
14.160000 1001.263203 17.783233 70.710678 -68.198922
14.170000 1001.970310 17.100754 70.710678 -68.297022
14.180000 1002.677417 16.417293 70.710678 -68.395122
14.190000 1003.384523 15.732851 70.710678 -68.493222
14.200000 1004.091630 15.047428 70.710678 -68.591322
14.210000 1004.798737 14.361025 70.710678 -68.689422
14.220000 1005.505844 13.673640 70.710678 -68.787522
14.230000 1006.212951 12.985274 70.710678 -68.885622
14.240000 1006.920057 12.295928 70.710678 -68.983722
14.250000 1007.627164 11.605600 70.710678 -69.081822
14.260000 1008.334271 10.914291 70.710678 -69.179922
14.270000 1009.041378 10.222001 70.710678 -69.278022
14.280000 1009.748484 9.528731 70.710678 -69.376122
14.290000 1010.455591 8.834479 70.710678 -69.474222
14.300000 1011.162698 8.139246 70.710678 -69.572322
14.310000 1011.869805 7.443032 70.710678 -69.670422
14.320000 1012.576912 6.745838 70.710678 -69.768522
14.330000 1013.284018 6.047662 70.710678 -69.866622
14.340000 1013.991125 5.348505 70.710678 -69.964722
14.350000 1014.698232 4.648368 70.710678 -70.062822
14.360000 1015.405339 3.947249 70.710678 -70.160922
14.370000 1016.112445 3.245149 70.710678 -70.259022
14.380000 1016.819552 2.542068 70.710678 -70.357122
14.390000 1017.526659 1.838007 70.710678 -70.455222
14.400000 1018.233766 1.132964 70.710678 -70.553322
14.410000 1018.940873 0.426940 70.710678 -70.651422
